 #  Results from PENMAIN. Output from impact detector #  1
 #  Energy spectra of incident particles.
 #  1st column: particle energy (eV).
 #  2nd column: probability density (1/(eV*particle)).
 #  3rd column: statistical uncertainty, STU (3 sigma).
 #  4th-5th columns: electron spectrum and STU (3 sigma).
 #  6th-7th columns: photon spectrum and STU (3 sigma).
 #  8th-9th columns: positron spectrum and STU (3 sigma).
  1.435938E+02  1.000000E-35  1.00E-35  1.000000E-35  1.00E-35  1.000000E-35  1.00E-35  1.000000E-35  1.00E-35
  3.307813E+02  1.000000E-35  1.00E-35  1.000000E-35  1.00E-35  1.000000E-35  1.00E-35  1.000000E-35  1.00E-35
  5.179688E+02  1.000000E-35  1.00E-35  1.000000E-35  1.00E-35  1.000000E-35  1.00E-35  1.000000E-35  1.00E-35
  7.051563E+02  1.000000E-35  1.00E-35  1.000000E-35  1.00E-35  1.000000E-35  1.00E-35  1.000000E-35  1.00E-35
  8.923438E+02  1.000000E-35  1.00E-35  1.000000E-35  1.00E-35  1.000000E-35  1.00E-35  1.000000E-35  1.00E-35
  1.079531E+03  1.000000E-35  1.00E-35  1.000000E-35  1.00E-35  1.000000E-35  1.00E-35  1.000000E-35  1.00E-35
  1.266719E+03  1.000000E-35  1.00E-35  1.000000E-35  1.00E-35  1.000000E-35  1.00E-35  1.000000E-35  1.00E-35
  1.453906E+03  1.000000E-35  1.00E-35  1.000000E-35  1.00E-35  1.000000E-35  1.00E-35  1.000000E-35  1.00E-35
  1.641094E+03  1.000000E-35  1.00E-35  1.000000E-35  1.00E-35  1.000000E-35  1.00E-35  1.000000E-35  1.00E-35
  1.828281E+03  1.000000E-35  1.00E-35  1.000000E-35  1.00E-35  1.000000E-35  1.00E-35  1.000000E-35  1.00E-35
  2.015469E+03  1.000000E-35  1.00E-35  1.000000E-35  1.00E-35  1.000000E-35  1.00E-35  1.000000E-35  1.00E-35
  2.202656E+03  1.000000E-35  1.00E-35  1.000000E-35  1.00E-35  1.000000E-35  1.00E-35  1.000000E-35  1.00E-35
  2.389844E+03  1.000000E-35  1.00E-35  1.000000E-35  1.00E-35  1.000000E-35  1.00E-35  1.000000E-35  1.00E-35
  2.577031E+03  1.000000E-35  1.00E-35  1.000000E-35  1.00E-35  1.000000E-35  1.00E-35  1.000000E-35  1.00E-35
  2.764219E+03  1.000000E-35  1.00E-35  1.000000E-35  1.00E-35  1.000000E-35  1.00E-35  1.000000E-35  1.00E-35
  2.951406E+03  1.000000E-35  1.00E-35  1.000000E-35  1.00E-35  1.000000E-35  1.00E-35  1.000000E-35  1.00E-35
  3.138594E+03  1.000000E-35  1.00E-35  1.000000E-35  1.00E-35  1.000000E-35  1.00E-35  1.000000E-35  1.00E-35
  3.325781E+03  1.000000E-35  1.00E-35  1.000000E-35  1.00E-35  1.000000E-35  1.00E-35  1.000000E-35  1.00E-35
  3.512969E+03  1.000000E-35  1.00E-35  1.000000E-35  1.00E-35  1.000000E-35  1.00E-35  1.000000E-35  1.00E-35
  3.700156E+03  1.000000E-35  1.00E-35  1.000000E-35  1.00E-35  1.000000E-35  1.00E-35  1.000000E-35  1.00E-35
  3.887344E+03  1.000000E-35  1.00E-35  1.000000E-35  1.00E-35  1.000000E-35  1.00E-35  1.000000E-35  1.00E-35
  4.074531E+03  1.000000E-35  1.00E-35  1.000000E-35  1.00E-35  1.000000E-35  1.00E-35  1.000000E-35  1.00E-35
  4.261719E+03  1.000000E-35  1.00E-35  1.000000E-35  1.00E-35  1.000000E-35  1.00E-35  1.000000E-35  1.00E-35
  4.448906E+03  1.000000E-35  1.00E-35  1.000000E-35  1.00E-35  1.000000E-35  1.00E-35  1.000000E-35  1.00E-35
  4.636094E+03  1.000000E-35  1.00E-35  1.000000E-35  1.00E-35  1.000000E-35  1.00E-35  1.000000E-35  1.00E-35
  4.823281E+03  1.000000E-35  1.00E-35  1.000000E-35  1.00E-35  1.000000E-35  1.00E-35  1.000000E-35  1.00E-35
  5.010469E+03  1.000000E-35  1.00E-35  1.000000E-35  1.00E-35  1.000000E-35  1.00E-35  1.000000E-35  1.00E-35
  5.197656E+03  1.000000E-35  1.00E-35  1.000000E-35  1.00E-35  1.000000E-35  1.00E-35  1.000000E-35  1.00E-35
  5.384844E+03  1.000000E-35  1.00E-35  1.000000E-35  1.00E-35  1.000000E-35  1.00E-35  1.000000E-35  1.00E-35
  5.572031E+03  1.000000E-35  1.00E-35  1.000000E-35  1.00E-35  1.000000E-35  1.00E-35  1.000000E-35  1.00E-35
  5.759219E+03  1.000000E-35  1.00E-35  1.000000E-35  1.00E-35  1.000000E-35  1.00E-35  1.000000E-35  1.00E-35
  5.946406E+03  1.000000E-35  1.00E-35  1.000000E-35  1.00E-35  1.000000E-35  1.00E-35  1.000000E-35  1.00E-35
  6.133594E+03  1.000000E-35  1.00E-35  1.000000E-35  1.00E-35  1.000000E-35  1.00E-35  1.000000E-35  1.00E-35
  6.320781E+03  1.000000E-35  1.00E-35  1.000000E-35  1.00E-35  1.000000E-35  1.00E-35  1.000000E-35  1.00E-35
  6.507969E+03  1.000000E-35  1.00E-35  1.000000E-35  1.00E-35  1.000000E-35  1.00E-35  1.000000E-35  1.00E-35
  6.695156E+03  1.000000E-35  1.00E-35  1.000000E-35  1.00E-35  1.000000E-35  1.00E-35  1.000000E-35  1.00E-35
  6.882344E+03  1.000000E-35  1.00E-35  1.000000E-35  1.00E-35  1.000000E-35  1.00E-35  1.000000E-35  1.00E-35
  7.069531E+03  1.000000E-35  1.00E-35  1.000000E-35  1.00E-35  1.000000E-35  1.00E-35  1.000000E-35  1.00E-35
  7.256719E+03  1.000000E-35  1.00E-35  1.000000E-35  1.00E-35  1.000000E-35  1.00E-35  1.000000E-35  1.00E-35
  7.443906E+03  1.000000E-35  1.00E-35  1.000000E-35  1.00E-35  1.000000E-35  1.00E-35  1.000000E-35  1.00E-35
  7.631094E+03  1.000000E-35  1.00E-35  1.000000E-35  1.00E-35  1.000000E-35  1.00E-35  1.000000E-35  1.00E-35
  7.818281E+03  1.000000E-35  1.00E-35  1.000000E-35  1.00E-35  1.000000E-35  1.00E-35  1.000000E-35  1.00E-35
  8.005469E+03  1.000000E-35  1.00E-35  1.000000E-35  1.00E-35  1.000000E-35  1.00E-35  1.000000E-35  1.00E-35
  8.192656E+03  1.000000E-35  1.00E-35  1.000000E-35  1.00E-35  1.000000E-35  1.00E-35  1.000000E-35  1.00E-35
  8.379844E+03  1.000000E-35  1.00E-35  1.000000E-35  1.00E-35  1.000000E-35  1.00E-35  1.000000E-35  1.00E-35
  8.567031E+03  1.000000E-35  1.00E-35  1.000000E-35  1.00E-35  1.000000E-35  1.00E-35  1.000000E-35  1.00E-35
  8.754219E+03  1.000000E-35  1.00E-35  1.000000E-35  1.00E-35  1.000000E-35  1.00E-35  1.000000E-35  1.00E-35
  8.941406E+03  1.000000E-35  1.00E-35  1.000000E-35  1.00E-35  1.000000E-35  1.00E-35  1.000000E-35  1.00E-35
  9.128594E+03  1.000000E-35  1.00E-35  1.000000E-35  1.00E-35  1.000000E-35  1.00E-35  1.000000E-35  1.00E-35
  9.315781E+03  1.000000E-35  1.00E-35  1.000000E-35  1.00E-35  1.000000E-35  1.00E-35  1.000000E-35  1.00E-35
  9.502969E+03  1.000000E-35  1.00E-35  1.000000E-35  1.00E-35  1.000000E-35  1.00E-35  1.000000E-35  1.00E-35
  9.690156E+03  1.000000E-35  1.00E-35  1.000000E-35  1.00E-35  1.000000E-35  1.00E-35  1.000000E-35  1.00E-35
  9.877344E+03  1.000000E-35  1.00E-35  1.000000E-35  1.00E-35  1.000000E-35  1.00E-35  1.000000E-35  1.00E-35
  1.006453E+04  1.000000E-35  1.00E-35  1.000000E-35  1.00E-35  1.000000E-35  1.00E-35  1.000000E-35  1.00E-35
  1.025172E+04  1.000000E-35  1.00E-35  1.000000E-35  1.00E-35  1.000000E-35  1.00E-35  1.000000E-35  1.00E-35
  1.043891E+04  1.000000E-35  1.00E-35  1.000000E-35  1.00E-35  1.000000E-35  1.00E-35  1.000000E-35  1.00E-35
  1.062609E+04  1.000000E-35  1.00E-35  1.000000E-35  1.00E-35  1.000000E-35  1.00E-35  1.000000E-35  1.00E-35
  1.081328E+04  1.000000E-35  1.00E-35  1.000000E-35  1.00E-35  1.000000E-35  1.00E-35  1.000000E-35  1.00E-35
  1.100047E+04  1.000000E-35  1.00E-35  1.000000E-35  1.00E-35  1.000000E-35  1.00E-35  1.000000E-35  1.00E-35
  1.118766E+04  1.000000E-35  1.00E-35  1.000000E-35  1.00E-35  1.000000E-35  1.00E-35  1.000000E-35  1.00E-35
  1.137484E+04  1.000000E-35  1.00E-35  1.000000E-35  1.00E-35  1.000000E-35  1.00E-35  1.000000E-35  1.00E-35
  1.156203E+04  1.000000E-35  1.00E-35  1.000000E-35  1.00E-35  1.000000E-35  1.00E-35  1.000000E-35  1.00E-35
  1.174922E+04  1.000000E-35  1.00E-35  1.000000E-35  1.00E-35  1.000000E-35  1.00E-35  1.000000E-35  1.00E-35
  1.193641E+04  1.000000E-35  1.00E-35  1.000000E-35  1.00E-35  1.000000E-35  1.00E-35  1.000000E-35  1.00E-35
  1.212359E+04  1.000000E-35  1.00E-35  1.000000E-35  1.00E-35  1.000000E-35  1.00E-35  1.000000E-35  1.00E-35
  1.231078E+04  1.000000E-35  1.00E-35  1.000000E-35  1.00E-35  1.000000E-35  1.00E-35  1.000000E-35  1.00E-35
  1.249797E+04  1.000000E-35  1.00E-35  1.000000E-35  1.00E-35  1.000000E-35  1.00E-35  1.000000E-35  1.00E-35
  1.268516E+04  1.000000E-35  1.00E-35  1.000000E-35  1.00E-35  1.000000E-35  1.00E-35  1.000000E-35  1.00E-35
  1.287234E+04  1.000000E-35  1.00E-35  1.000000E-35  1.00E-35  1.000000E-35  1.00E-35  1.000000E-35  1.00E-35
  1.305953E+04  1.000000E-35  1.00E-35  1.000000E-35  1.00E-35  1.000000E-35  1.00E-35  1.000000E-35  1.00E-35
  1.324672E+04  1.000000E-35  1.00E-35  1.000000E-35  1.00E-35  1.000000E-35  1.00E-35  1.000000E-35  1.00E-35
  1.343391E+04  1.000000E-35  1.00E-35  1.000000E-35  1.00E-35  1.000000E-35  1.00E-35  1.000000E-35  1.00E-35
  1.362109E+04  1.000000E-35  1.00E-35  1.000000E-35  1.00E-35  1.000000E-35  1.00E-35  1.000000E-35  1.00E-35
  1.380828E+04  1.000000E-35  1.00E-35  1.000000E-35  1.00E-35  1.000000E-35  1.00E-35  1.000000E-35  1.00E-35
  1.399547E+04  1.000000E-35  1.00E-35  1.000000E-35  1.00E-35  1.000000E-35  1.00E-35  1.000000E-35  1.00E-35
  1.418266E+04  1.000000E-35  1.00E-35  1.000000E-35  1.00E-35  1.000000E-35  1.00E-35  1.000000E-35  1.00E-35
  1.436984E+04  1.000000E-35  1.00E-35  1.000000E-35  1.00E-35  1.000000E-35  1.00E-35  1.000000E-35  1.00E-35
  1.455703E+04  1.000000E-35  1.00E-35  1.000000E-35  1.00E-35  1.000000E-35  1.00E-35  1.000000E-35  1.00E-35
  1.474422E+04  1.000000E-35  1.00E-35  1.000000E-35  1.00E-35  1.000000E-35  1.00E-35  1.000000E-35  1.00E-35
  1.493141E+04  1.000000E-35  1.00E-35  1.000000E-35  1.00E-35  1.000000E-35  1.00E-35  1.000000E-35  1.00E-35
  1.511859E+04  1.000000E-35  1.00E-35  1.000000E-35  1.00E-35  1.000000E-35  1.00E-35  1.000000E-35  1.00E-35
  1.530578E+04  1.000000E-35  1.00E-35  1.000000E-35  1.00E-35  1.000000E-35  1.00E-35  1.000000E-35  1.00E-35
  1.549297E+04  1.000000E-35  1.00E-35  1.000000E-35  1.00E-35  1.000000E-35  1.00E-35  1.000000E-35  1.00E-35
  1.568016E+04  1.000000E-35  1.00E-35  1.000000E-35  1.00E-35  1.000000E-35  1.00E-35  1.000000E-35  1.00E-35
  1.586734E+04  1.000000E-35  1.00E-35  1.000000E-35  1.00E-35  1.000000E-35  1.00E-35  1.000000E-35  1.00E-35
  1.605453E+04  1.000000E-35  1.00E-35  1.000000E-35  1.00E-35  1.000000E-35  1.00E-35  1.000000E-35  1.00E-35
  1.624172E+04  1.000000E-35  1.00E-35  1.000000E-35  1.00E-35  1.000000E-35  1.00E-35  1.000000E-35  1.00E-35
  1.642891E+04  1.000000E-35  1.00E-35  1.000000E-35  1.00E-35  1.000000E-35  1.00E-35  1.000000E-35  1.00E-35
  1.661609E+04  1.000000E-35  1.00E-35  1.000000E-35  1.00E-35  1.000000E-35  1.00E-35  1.000000E-35  1.00E-35
  1.680328E+04  1.000000E-35  1.00E-35  1.000000E-35  1.00E-35  1.000000E-35  1.00E-35  1.000000E-35  1.00E-35
  1.699047E+04  1.000000E-35  1.00E-35  1.000000E-35  1.00E-35  1.000000E-35  1.00E-35  1.000000E-35  1.00E-35
  1.717766E+04  1.000000E-35  1.00E-35  1.000000E-35  1.00E-35  1.000000E-35  1.00E-35  1.000000E-35  1.00E-35
  1.736484E+04  1.000000E-35  1.00E-35  1.000000E-35  1.00E-35  1.000000E-35  1.00E-35  1.000000E-35  1.00E-35
  1.755203E+04  1.000000E-35  1.00E-35  1.000000E-35  1.00E-35  1.000000E-35  1.00E-35  1.000000E-35  1.00E-35
  1.773922E+04  1.000000E-35  1.00E-35  1.000000E-35  1.00E-35  1.000000E-35  1.00E-35  1.000000E-35  1.00E-35
  1.792641E+04  1.000000E-35  1.00E-35  1.000000E-35  1.00E-35  1.000000E-35  1.00E-35  1.000000E-35  1.00E-35
  1.811359E+04  1.000000E-35  1.00E-35  1.000000E-35  1.00E-35  1.000000E-35  1.00E-35  1.000000E-35  1.00E-35
  1.830078E+04  1.000000E-35  1.00E-35  1.000000E-35  1.00E-35  1.000000E-35  1.00E-35  1.000000E-35  1.00E-35
  1.848797E+04  1.000000E-35  1.00E-35  1.000000E-35  1.00E-35  1.000000E-35  1.00E-35  1.000000E-35  1.00E-35
  1.867516E+04  1.000000E-35  1.00E-35  1.000000E-35  1.00E-35  1.000000E-35  1.00E-35  1.000000E-35  1.00E-35
  1.886234E+04  1.000000E-35  1.00E-35  1.000000E-35  1.00E-35  1.000000E-35  1.00E-35  1.000000E-35  1.00E-35
  1.904953E+04  1.000000E-35  1.00E-35  1.000000E-35  1.00E-35  1.000000E-35  1.00E-35  1.000000E-35  1.00E-35
  1.923672E+04  1.000000E-35  1.00E-35  1.000000E-35  1.00E-35  1.000000E-35  1.00E-35  1.000000E-35  1.00E-35
  1.942391E+04  1.000000E-35  1.00E-35  1.000000E-35  1.00E-35  1.000000E-35  1.00E-35  1.000000E-35  1.00E-35
  1.961109E+04  1.000000E-35  1.00E-35  1.000000E-35  1.00E-35  1.000000E-35  1.00E-35  1.000000E-35  1.00E-35
  1.979828E+04  1.000000E-35  1.00E-35  1.000000E-35  1.00E-35  1.000000E-35  1.00E-35  1.000000E-35  1.00E-35
  1.998547E+04  1.000000E-35  1.00E-35  1.000000E-35  1.00E-35  1.000000E-35  1.00E-35  1.000000E-35  1.00E-35
  2.017266E+04  1.000000E-35  1.00E-35  1.000000E-35  1.00E-35  1.000000E-35  1.00E-35  1.000000E-35  1.00E-35
  2.035984E+04  1.000000E-35  1.00E-35  1.000000E-35  1.00E-35  1.000000E-35  1.00E-35  1.000000E-35  1.00E-35
  2.054703E+04  1.000000E-35  1.00E-35  1.000000E-35  1.00E-35  1.000000E-35  1.00E-35  1.000000E-35  1.00E-35
  2.073422E+04  1.000000E-35  1.00E-35  1.000000E-35  1.00E-35  1.000000E-35  1.00E-35  1.000000E-35  1.00E-35
  2.092141E+04  1.000000E-35  1.00E-35  1.000000E-35  1.00E-35  1.000000E-35  1.00E-35  1.000000E-35  1.00E-35
  2.110859E+04  1.000000E-35  1.00E-35  1.000000E-35  1.00E-35  1.000000E-35  1.00E-35  1.000000E-35  1.00E-35
  2.129578E+04  1.000000E-35  1.00E-35  1.000000E-35  1.00E-35  1.000000E-35  1.00E-35  1.000000E-35  1.00E-35
  2.148297E+04  1.000000E-35  1.00E-35  1.000000E-35  1.00E-35  1.000000E-35  1.00E-35  1.000000E-35  1.00E-35
  2.167016E+04  1.000000E-35  1.00E-35  1.000000E-35  1.00E-35  1.000000E-35  1.00E-35  1.000000E-35  1.00E-35
  2.185734E+04  1.000000E-35  1.00E-35  1.000000E-35  1.00E-35  1.000000E-35  1.00E-35  1.000000E-35  1.00E-35
  2.204453E+04  1.000000E-35  1.00E-35  1.000000E-35  1.00E-35  1.000000E-35  1.00E-35  1.000000E-35  1.00E-35
  2.223172E+04  1.000000E-35  1.00E-35  1.000000E-35  1.00E-35  1.000000E-35  1.00E-35  1.000000E-35  1.00E-35
  2.241891E+04  1.000000E-35  1.00E-35  1.000000E-35  1.00E-35  1.000000E-35  1.00E-35  1.000000E-35  1.00E-35
  2.260609E+04  1.000000E-35  1.00E-35  1.000000E-35  1.00E-35  1.000000E-35  1.00E-35  1.000000E-35  1.00E-35
  2.279328E+04  1.000000E-35  1.00E-35  1.000000E-35  1.00E-35  1.000000E-35  1.00E-35  1.000000E-35  1.00E-35
  2.298047E+04  1.000000E-35  1.00E-35  1.000000E-35  1.00E-35  1.000000E-35  1.00E-35  1.000000E-35  1.00E-35
  2.316766E+04  1.000000E-35  1.00E-35  1.000000E-35  1.00E-35  1.000000E-35  1.00E-35  1.000000E-35  1.00E-35
  2.335484E+04  1.000000E-35  1.00E-35  1.000000E-35  1.00E-35  1.000000E-35  1.00E-35  1.000000E-35  1.00E-35
  2.354203E+04  1.000000E-35  1.00E-35  1.000000E-35  1.00E-35  1.000000E-35  1.00E-35  1.000000E-35  1.00E-35
  2.372922E+04  1.000000E-35  1.00E-35  1.000000E-35  1.00E-35  1.000000E-35  1.00E-35  1.000000E-35  1.00E-35
  2.391641E+04  1.000000E-35  1.00E-35  1.000000E-35  1.00E-35  1.000000E-35  1.00E-35  1.000000E-35  1.00E-35
  2.410359E+04  1.000000E-35  1.00E-35  1.000000E-35  1.00E-35  1.000000E-35  1.00E-35  1.000000E-35  1.00E-35
  2.429078E+04  1.000000E-35  1.00E-35  1.000000E-35  1.00E-35  1.000000E-35  1.00E-35  1.000000E-35  1.00E-35
  2.447797E+04  1.000000E-35  1.00E-35  1.000000E-35  1.00E-35  1.000000E-35  1.00E-35  1.000000E-35  1.00E-35
  2.466516E+04  1.000000E-35  1.00E-35  1.000000E-35  1.00E-35  1.000000E-35  1.00E-35  1.000000E-35  1.00E-35
  2.485234E+04  1.000000E-35  1.00E-35  1.000000E-35  1.00E-35  1.000000E-35  1.00E-35  1.000000E-35  1.00E-35
  2.503953E+04  1.000000E-35  1.00E-35  1.000000E-35  1.00E-35  1.000000E-35  1.00E-35  1.000000E-35  1.00E-35
  2.522672E+04  1.000000E-35  1.00E-35  1.000000E-35  1.00E-35  1.000000E-35  1.00E-35  1.000000E-35  1.00E-35
  2.541391E+04  1.000000E-35  1.00E-35  1.000000E-35  1.00E-35  1.000000E-35  1.00E-35  1.000000E-35  1.00E-35
  2.560109E+04  1.000000E-35  1.00E-35  1.000000E-35  1.00E-35  1.000000E-35  1.00E-35  1.000000E-35  1.00E-35
  2.578828E+04  1.000000E-35  1.00E-35  1.000000E-35  1.00E-35  1.000000E-35  1.00E-35  1.000000E-35  1.00E-35
  2.597547E+04  1.000000E-35  1.00E-35  1.000000E-35  1.00E-35  1.000000E-35  1.00E-35  1.000000E-35  1.00E-35
  2.616266E+04  1.000000E-35  1.00E-35  1.000000E-35  1.00E-35  1.000000E-35  1.00E-35  1.000000E-35  1.00E-35
  2.634984E+04  1.000000E-35  1.00E-35  1.000000E-35  1.00E-35  1.000000E-35  1.00E-35  1.000000E-35  1.00E-35
  2.653703E+04  1.000000E-35  1.00E-35  1.000000E-35  1.00E-35  1.000000E-35  1.00E-35  1.000000E-35  1.00E-35
  2.672422E+04  1.000000E-35  1.00E-35  1.000000E-35  1.00E-35  1.000000E-35  1.00E-35  1.000000E-35  1.00E-35
  2.691141E+04  1.000000E-35  1.00E-35  1.000000E-35  1.00E-35  1.000000E-35  1.00E-35  1.000000E-35  1.00E-35
  2.709859E+04  1.000000E-35  1.00E-35  1.000000E-35  1.00E-35  1.000000E-35  1.00E-35  1.000000E-35  1.00E-35
  2.728578E+04  1.000000E-35  1.00E-35  1.000000E-35  1.00E-35  1.000000E-35  1.00E-35  1.000000E-35  1.00E-35
  2.747297E+04  1.000000E-35  1.00E-35  1.000000E-35  1.00E-35  1.000000E-35  1.00E-35  1.000000E-35  1.00E-35
  2.766016E+04  1.000000E-35  1.00E-35  1.000000E-35  1.00E-35  1.000000E-35  1.00E-35  1.000000E-35  1.00E-35
  2.784734E+04  1.000000E-35  1.00E-35  1.000000E-35  1.00E-35  1.000000E-35  1.00E-35  1.000000E-35  1.00E-35
  2.803453E+04  1.000000E-35  1.00E-35  1.000000E-35  1.00E-35  1.000000E-35  1.00E-35  1.000000E-35  1.00E-35
  2.822172E+04  1.000000E-35  1.00E-35  1.000000E-35  1.00E-35  1.000000E-35  1.00E-35  1.000000E-35  1.00E-35
  2.840891E+04  1.000000E-35  1.00E-35  1.000000E-35  1.00E-35  1.000000E-35  1.00E-35  1.000000E-35  1.00E-35
  2.859609E+04  1.000000E-35  1.00E-35  1.000000E-35  1.00E-35  1.000000E-35  1.00E-35  1.000000E-35  1.00E-35
  2.878328E+04  1.000000E-35  1.00E-35  1.000000E-35  1.00E-35  1.000000E-35  1.00E-35  1.000000E-35  1.00E-35
  2.897047E+04  1.000000E-35  1.00E-35  1.000000E-35  1.00E-35  1.000000E-35  1.00E-35  1.000000E-35  1.00E-35
  2.915766E+04  1.000000E-35  1.00E-35  1.000000E-35  1.00E-35  1.000000E-35  1.00E-35  1.000000E-35  1.00E-35
  2.934484E+04  1.000000E-35  1.00E-35  1.000000E-35  1.00E-35  1.000000E-35  1.00E-35  1.000000E-35  1.00E-35
  2.953203E+04  1.000000E-35  1.00E-35  1.000000E-35  1.00E-35  1.000000E-35  1.00E-35  1.000000E-35  1.00E-35
  2.971922E+04  1.000000E-35  1.00E-35  1.000000E-35  1.00E-35  1.000000E-35  1.00E-35  1.000000E-35  1.00E-35
  2.990641E+04  1.000000E-35  1.00E-35  1.000000E-35  1.00E-35  1.000000E-35  1.00E-35  1.000000E-35  1.00E-35
